[1, 9, 5, 2, 10, 20, 50, 3, 0, 24, 27, 30]

[1, 9, 5] [2, 10, 20] [50, 3, 0] [24, 27, 30]

[1, 5, 9] [2, 10, 20] [0, 3, 50] [24, 27, 30]

(0) -> 9 (1)
(1) -> 2 (0)

[1, 2, 5] [9, 10, 20] [0, 3, 50] [24, 27, 30]

(1) -> 20 (2)
(2) -> 0  (1)

[1, 2, 5] [0, 9, 10] [3, 20, 50] [24, 27, 30]

(0) -> 5 (1)
(1) -> 0 (0)

[0, 1, 2] [5, 9, 10] [3, 20, 50] [24, 27, 30]

(1) -> 10 (2)
(2) -> 3  (1)

[0, 1, 2] [3, 5, 9] [10, 20, 50] [24, 27, 30]

(2) -> 50 (3)
(3) -> 24 (2)

[0, 1, 2] [3, 5, 9] [10, 20, 24] [27, 30, 50]

[0, 1, 2, 3, 5, 9, 10, 20, 24, 27, 30, 50]